6171
6065
4041
5876
 774
7687
1894
6114
9250
1024
4767
4808
4036
 171
3357
2560
5582
4237
5370
8676
4469
4292
 674
7945
3961
8038
1249
1454
1569
3736
4704
3042
6588
8463
7820
6129
 729
4842
8046
5018
2460
8991
6301
1268
2951
-127
5344
5754
8797
9245
5824
2727
 733
2867
6327
8156
5379
7234
 332
5633
5663
2415
2076
7822
3025
1267
 952
6464
7118
6571
8832
7879
5648
1015
7283
6493
4329
6021
 380
1012
4523
5422
2494
4299
6325
1600
3340
5862
4124
8437
 602
8716
3835
2776
7620
 344
9331
3892
7535
5879
7862
8365
4881
7173
1311
7976
2798
1096
 768
4685
1319
 150
9029
5886
-270
2665
4994
1916
9094
4231
6052
3399
1393
 -53
3760
7110
3514
4029
8193
7465
9383
 220
2541
5916
5445
5432
8733
3221
-179
4207
1367
3461
4443
1309
5706
6904
1732
 612
3185
1973
5708
4713
4898
8131
6070
1791
5705
9381
6675
7883
4328
7966
6319
4402
6915
  -5
2369
7938
6883
1403
5036
8930
2691
6612
 693
-240
2441
3673
1998
6371
6618
1517
 246
7845
2219
6061
5757
8546
5749
6920
9104
4533
6046
4847
3012
3452
9384
7488
6038
 761
 556
 342
3324
6513
3326
5967
 618
4330
7632
2074
5701
9139
5818
 637
5201
7541
8295
5055
4552
2693
 329
5685
2382
5800
4131
4145
1525
3325
8050
9049
3922
9457
2216
 909
3140
6815
 425
3934
1812
3375
2091
 491
6240
-206
8093
7357
1956
9321
5044
2131
8795
8567
7339
 562
1862
2449
5512
1541
9431
8112
 -24
6736
5151
8867
2676
2664
1025
6363
5466
4038
3540
7617
7398
1018
4064
8122
2374
1246
7863
8219
6584
 370
6887
3600
4354
4870
4509
8407
1122
8568
2588
1941
6785
1195
2062
4511
6974
7032
4015
4050
 748
6863
3657
6836
6102
1028
2228
 260
1926
7061
7401
-181
5005
2687
1951
7449
9471
5950
 524
3731
2830
7575
3855
 198
9442
8041
 529
 322
 912
1481
3966
6224
2371
2223
 302
4076
6141
6676
 389
4766
4122
6806
6897
5459
7804
6549
1401
2247
7944
3806
8878
3814
3178
2738
 816
8274
1040
 251
3543
-145
1577
3671
3299
5684
3026
8887
1135
5290
6281
2024
5721
5845
9446
6826
1288
7790
4934
8312
2246
2238
7680
1133
 636
3191
4563
3495
6512
 333
6953
4337
1063
 136
5411
7096
 262
6703
8445
4665
6221
1467
4276
1490
  36
 -71
-243
6661
3502
6590
 591
3455
1904
6234
 301
7129
 151
6600
6086
6292
4692
2041
3202
7728
5391
2740
6084
4394
6847
6757
2067
4323
3388
8180
5294
5497
8109
4396
2220
 187
5603
 557
6495
1250
 793
9102
6388
7996
2453
4892
2724
2413
3885
3410
7780
7358
6432
3056
7546
8101
3740
3091
3521
6476
2332
6931
1607
1073
5972
  43
7232
5767
  75
6894
4746
2918
4338
7308
3552
3243
1411
7151
 204
 700
3084
4709
5656
6882
5835
6807
6948
 221
2812
4702
6596
6283
2495
 604
2162
 286
3238
  45
6303
3489
1935
1927
4077
1502
 458
 862
5102
9057
5059
8310
3480
-197
9452
2486
 165
6404
8866
8694
-123
4626
8166
3463
1505
6936
3199
7700
3500
-165
1667
8559
9028
8052
 509
9202
1986
9329
3677
8469
8457
3313
-245
2094
4778
6007
8305
5429
8992
7482
2266
7319
1566
1375
9122
5555
5837
5397
7514
4706
8168
9449
3967
 223
5205
8260
6054
2825
7092
3790
7828
1273
 874
1601
6474
9362
1804
2499
9187
1988
2064
9241
7856
7758
7270
 917
 778
8571
2249
5327
6462
6633
2099
4659
7608
6731
5753
7766
3478
-264
8400
2747
3023
2974
7587
7279
4003
3918
2045
7243
 385
5926
3858
2387
9397
1285
3651
 502
8192
4217
9223
2783
6488
 955
9289
8608
5931
8881
7230
6435
4371
1178
4296
 256
1395
7968
4051
2288
7315
1452
4498
2755
9236
6115
4813
7006
4663
7926
1553
 568
7789
5518
 319
-184
4508
  76
6272
6521
7034
9115
5170
2473
1456
4349
6354
2780
 698
1104
7069
6635
4601
1627
6573
-214
9375
4069
7663
6952
9476
2966
8063
7662
7291
8649
7970
4455
7054
2301
8259
4494
1450
 564
6902
 154
8750
 266
7499
2372
9172
5338
-159
2409
 849
2571
5847
2837
6478
8643
8408
5247
6178
8132
8717
5286
5295
4470
3745
6185
7707
2696
 119
1225
 915
3827
 744
8300
5650
7890
1625
7275
8160
8907
5667
-241
4687
9344
4223
1881
5792
 -90
8595
6501
8315
 270
6184
8898
 216
2423
1705
8756
2829
1913
7166
2883
3003
6409
4177
5795
6112
5388
2430
7645
 411
1953
8984
1359
7548
2936
1947
7418
7545
7583
4548
8205
5080
2524
7643
8368
3435
 -82
6026
2380
 578
4991
6385
4887
3894
1369
4646
3416
2350
 -51
4411
5215
2964
9425
1470
-211
7368
7130
6564
2928
6511
7181
1965
6299
9118
 306
1670
7192
8494
3454
3870
9263
4558
1427
7768
7678
 116
7076
6049
5109
 854
4840
8072
6275
2492
7505
1093
5116
9346
4599
8468
5111
1220
3217
  28
2487
7955
2791
2376
4782
1458
7027
4057
 881
6366
 335
1745
7588
3676
4165
1404
 218
4795
7508
9305
6536
4138
4188
9109
2432
1741
7917
9039
4707
2716
6581
  92
6519
6177
6751
8531
5273
6808
3598
4998
2614
 231
7059
 755
4068
7963
9257
8336
5901
7846
 363
8760
4906
3224
2493
6937
7080
8155
5621
8137
5742
7580
1392
3163
4615
3142
 856
9478
4132
4628
6756
6132
7434
1236
6855
1629
8117
2821
7971
2926
1117
5003
6662
4343
 823
5107
2416
8892
2900
3275
 519
2680
8554
8175
7236
2133
7493
3533
7405
1422
3538
2017
2787
3780
6323
3644
3150
 527
4033
2753
3315
7735
2645
9319
 -63
8831
 397
3329
9184
 664
3200
3449
3083
8466
3899
6475
1511
8347
5660
5626
2881
1066
7684
1409
7213
8392
1070
9046
3566
-204
8186
6434
3027
3688
2107
8103
6355
3198
1995
5025
4927
5605
5410
5221
3860
8688
 444
3943
 177
3910
4147
 638
8040
1082
 -91
8631
1756
6162
 546
1145
3599
8872
  86
 858
5304
5332
8523
6996
5554
6362
8610
7363
4744
5349
2102
5079
2955
5589
 464
1781
7047
9020
4275
-205
6039
5171
5074
4801
6933
7309
 421
4422
  50
2150
1328
 681
7105
7506
2719
4250
1326
2887
4424
8533
1770
2084
6843
6956
6582
5672
 990
1669
2844
5191
4466
3683
8888
8536
7231
7215
2030
3963
5042
7277
7169
7785
 184
6818
3075
2475
1841
7030
5161
4106
4909
8938
4859
7814
 127
 215
1550
7206
7471
2277
7154
2627
 704
6267
2169
1226
1099
6274
6202
3488
4743
6401
2112
3528
4604
9070
6352
9266
3403
  67
7202
2060
 616
9113
4257
3014
6968
 663
8235
2334
7801
8436
 899
5713
7292
 313
7812
2596
4387
8190
7907
7090
6223
3960
2555
7640
6976
8394
 986
4874
9096
  87
1034
2009
4907
7136
6492
7414
6337
1602
7861
3979
7695
8483
2907
-102
2015
5418
4200
3889
7727
2203
4373
5736
3371
4853
1707
3672
4130
5085
2813
9110
 104
1508
6311
8956
9034
8786
1095
6297
 210
8954
 545
2982
1636
4982
9170
 834
2947
2985
 353
1519
9410
2746
6912
7641
8583
5599
7953
8396
6604
8181
5808
8763
5276
8564
5893
8343
 328
5142
-219
6484
4243
 608
3548
1631
5481
6196
 532
6982
2527
8993
-175
7487
8215
3286
8273
5113
6859
3395
1417
2244
4128
1057
5530
9353
5145
 -94
9224
5408
6278
1188
7701
8622
6148
 327
3393
3376
-274
1455
3930
8616
5029
4370
5503
 378
7167
3348
4355
4205
7086
3011
8253
6851
7165
6962
4942
7472
5100
1501
6687
 589
6110
3302
1929
8565
5296
5704
1520
8419
9232
3996
8440
3504
7250
2200
1457
7630
9456
 717
8555
6864
5719
3038
5329
9216
3377
5278
5796
2815
-196
4061
6241
7532
3211
5894
3933
  91
4688
3293
1854
1449
8250
5557
1662
7537
3754
4025
1434
3954
1898
1652
8384
3637
8133
7526
2631
  82
7249
4851
6517
9444
2630
9153
 -66
4184
 445
5506
9237
2012
9408
5863
1051
5528
7156
2568
7162
8704
5773
2003
4209
7929
 190
8522
 418
3077
3041
7013
6955
4325
5812
6786
 273
9044
7998
6068
2939
-269
6984
9371
2754
9208
5282
8138
3117
8711
6657
7671
7361
3505
5480
8964
  20
3764
4761
5780
2636
2623
1933
1597
 539
6075
6935
 956
3248
8027
8710
5455
3099
3242
 228
4114
8672
3033
6169
1345
8744
  16
-118
6356
8064
4841
2218
6142
7764
 357
6831
7989
1205
5494
1150
7320
2265
7097
3295
7943
6799
5152
2222
4655
 463
1547
 475
6872
7798
4609
3418
5867
 -44
3397
7614
8493
3509
3714
 240
4588
4965
3994
8081
5478
6891
5177
 736
1733
 931
  -8
1162
5728
8293
1844
6663
5505
5089
6081
2153
8521
5717
4658
8752
7914
6393
5475
5632
5965
7024
3363
2401
 911
1290
 576
6579
7544
9180
2866
7628
1421
9018
3253
3013
6159
 275
9036
1134
5362
8986
2940
3925
2025
6394
1795
 102
8086
  78
 -36
7293
3795
2618
3294
 243
 107
3757
4216
4857
6765
-203
2760
3968
5968
6306
2156
5919
4281
8065
6961
6782
4154
8606
8261
8518
9422
4653
8865
2917
8995
7048
6884
7198
2751
3808
1277
1020
 791
3523
6744
-222
8825
7312
8506
1978
2498
 587
6798
4592
7381
8091
6216
2842
1504
6420
4732
7127
 889
3923
4576
3861
6646
5922
5046
4152
3270
8240
9019
2403
5924
7186
7538
2018
2919
 -13
3428
4584
 961
2302
 468
6470
 232
6143
7389
3708
-166
-100
2528
2182
8006
8671
-209
1655
8489
6092
3387
5326
9382
4447
4943
2089
8949
1146
6083
7100
2877
 770
2903
9327
8515
8741
4445
2963
5878
1171
 772
5167
2737
 606
3601
5677
4913
6375
4574
5565
5927
-101
6269
8111
8775
8304
-121
4453
5068
7190
4175
6293
6406
9194
4477
   3
7157
7356
3837
2344
5334
4963
  27
5471
8287
3755
2890
3264
6957
9495
3427
2286
4647
5066
1371
7042
4880
2730
4310
 188
3389
2836
8171
4903
9336
8822
3078
6944
3212
8147
8636
6059
1624
4740
6042
4524
8225
 818
7430
6017
5745
1845
8266
2856
1472
6874
7342
5981
6870
3039
2735
1142
4722
2007
3984
5027
6550
5463
5630
2739
5460
7075
7705
1582
2013
2115
 534
8281
7565
4258
 734
1590
4058
6368
8652
6651
7960
2482
4619
8908
5539
4515
4741
 279
5675
2450
3058
9360
9303
5243
4826
5405
7951
6514
1446
5510
1639
6748
3980
2653
3544
2282
8581
9074
3368
4440
6095
 394
6775
4268
2942
4585
 -52
3796
3976
4650
8765
-187
1021
4112
5771
 757
4503
2083
3778
7172
 599
5351
2317
8288
 -37
2044
7483
 716
3698
4805
-142
7065
5197
4530
6553
2959
 570
  66
3225
6013
9117
5823
7101
4386
6660
1643
2826
8966
1373
2463
8746
5261
9217
3309
7225
5639
-250
5563
8080
2811
 517
 -21
3022
6001
5121
2761
 573
8753
7498
3204
3800
4499
2052
7346
4877
3915
 461
2270
7873
4134
8432
3390
3499
3398
5213
1634
 106
6099
 110
3411
 989
4777
4583
2750
8021
2958
6542
6869
4900
1993
8127
9204
-109
3720
3859
4809
 495
3655
8088
-164
4222
3306
2019
2758
1174
6236
1293
9380
8326
 160
3344
3611
6903
4823
3208
7909
8327
8077
5580
7307
6824
4928
8981
1882
7891
2428
3481
3462
9230
6608
2305
6547
1337
3283
2175
8401
5992
9248
4833
8719
 -96
7235
6088
6163
1743
3102
4947
4661
9338
  72
  29
1388
6726
8700
8668
 782
1464
3247
1266
9073
 326
3680
2766
2087
7196
4572
8464
 348
7099
3138
 194
4478
7849
6640
 -95
9158
5769
7109
8965
-124
 128
5313
5065
 644
4597
3710
2204
1771
2472
 695
4279
2236
3314
1241
7751
  65
6260
3167
6817
7035
2140
4160
9405
7830
6745
7159
5383
2166
1931
7439
4770
-156
6975
6263
5366
6436
4098
8913
8542
4607
5401
4969
4403
2109
1118
4668
4118
8462
8508
 244
1487
8270
3352
 367
9500
3024
8319
7201
5976
4786
7336
1796
3287
3312
2733
8611
 803
3457
2324
7033
4613
4099
2583
7170
9087
6752
3643
6295
7585
8398
3069
6307
9390
7502
1640
-167
 921
1027
2673
2595
8284
9197
 876
3049
3891
1154
6212
9463
1702
9352
6772
6702
9185
7894
7390
2742
5775
6243
3904
4430
4347
 212
3065
6197
1809
8703
3735
5312
8262
6585
1190
6402
8276
5377
8333
3579
2297
5244
6280
8459
8594
3857
 -60
 356
1298
3645
4606
 224
9205
1589
5012
9433
7200
3151
5634
7117
3341
6892
4988
1439
2722
7446
7750
6846
7095
9025
1958
7400
3443
6195
1946
4725
6381
2713
9403
5464
4002
4637
5288
6680
8067
1798
4458
4475
8308
   5
4327
7513
1813
2411
8139
1533
1551
6696
8714
-253
7183
4625
3646
3650
3817
5668
4377
2196
 807
7925
 609
3822
6626
2165
6905
8603
  62
1968
6487
 605
 467
6560
6463
5264
2517
 439
6333
3619
6733
4929
5784
2575
-234
1719
 341
3111
4589
7689
3988
2078
 101
1880
6448
5234
 877
9075
7145
8145
8499
3969
1060
1622
6998
6966
2559
2068
9341
8125
  89
-216
8601
7516
4248
3358
 640
6877
8772
5858
2210
2789
3446
 174
7501
5437
4395
9148
8318
7454
8742
  31
2002
 571
9032
9492
8707
3240
1571
2777
 514
8880
7847
 593
7838
2853
7881
7111
8569
1761
5447
 789
2322
7374
3281
2995
 824
6840
5339
 753
8239
2969
4697
  15
1563
6444
8768
8391
9013
6320
4945
 420
7937
3322
1362
3135
1107
5275
5744
1728
4812
8227
6011
5272
-213
  73
7114
3633
7892
3239
4536
7528
4719
6277
-107
3970
3100
7155
8000
8213
3196
9420
1289
1473
1374
7889
8383
2330
5693
9058
3941
1485
1364
6528
4961
1004
-272
4262
-248
4417
7997
3122
7137
4441
3104
2889
4984
2930
 732
 123
2534
8937
7805
5375
4482
9311
7808
3587
5223
7520
5499
7494
 375
4024
3802
 920
8204
8917
8438
5552
8662
3402
3233
 265
4975
4235
6566
4374
7781
 815
1165
3732
5877
3420
2514
5828
4554
9031
6888
6037
  85
4684
1189
 797
7150
9149
1623
1677
2781
 968
-144
3415
2710
 516
2601
5446
6728
8915
5537
7571
3360
5277
9143
 233
2405
7417
4757
6649
9325
3203
5655
6699
4332
1811
9465
1243
1759
3356
2931
1681
4127
4359
4100
 891
1838
  -4
2838
3653
5890
7584
1617
 414
1127
1126
 226
5521
2267
7286
4070
1274
9062
3985
 437
5543
3662
7245
5189
6015
9461
7174
3516
7737
 829
2237
 919
3881
7485
5689
2190
7611
4691
6716
7040
7875
5342
5740
5948
4674
 -32
4930
7903
5402
9133
9374
9372
5436
5803
6814
1820
1769
-186
5498
1407
3450
 800
5741
5541
8902
8841
6875
6700
4259
  71
1575
1870
8448
5814
4822
3172
2459
8842
3160
4221
6407
6217
7518
1398
 947
5898
2624
 419
2289
7254
1270
8780
3512
 285
1047
  96
7029
6841
3716
5758
2335
2366
9496
6047
1613
9411
4879
1996
3092
4111
8203
4389
 433
8947
1340
8727
 679
4686
1628
7379
2729
6963
 186
2258
2340
6419
2597
7149
2892
6613
6575
2437
6252
6440
 -97
6287
7982
2642
5794
1637
 696
9464
4895
1726
4321
8199
 402
1061
8335
3842
3989
3184
1324
9193
2932
 300
7142
3222
1083
8585
6255
4669
4788
 143
5595
7697
 985
7581
2440
7082
6009
3951
 861
5485
3164
6679
2714
8980
6722
6834
1233
2184
6574
8226
3414
 -38
4817
1954
 340
 988
2186
5674
8819
2920
 207
9316
8029
 -64
7604
3153
4126
1883
3826
1492
2603
8916
6447
8607
 -23
8658
2343
6035
-271
7744
2902
1258
8678
 886
6120
5647
6769
4751
2762
6773
5827
6842
 701
3816
1630
4172
5692
9209
5519
9300
4314
8935
6854
3604
3696
2040
3177
6289
1058
4955
 559
6629
1155
5082
6819
7512
5709
 923
2295
5979
2833
6555
5951
8090
7144
5325
4852
2144
5868
4484
4970
7138
6545
7714
5217
6453
6705
8340
2061
2620
7422
 667
8087
4007
4634
4694
8921
 432
2521
9320
6557
6791
2379
7367
8118
3747
2634
5504
7480
4056
8496
 478
7829
2707
8879
7116
6526
  17
7770
8353
7473
5584
4807
4035
4073
7354
7416
1227
2905
2114
5207
4500
9100
3993
4935
8857
5590
4526
3423
2640
5755
 795
4335
3373
4142
4199
5937
6229
1509
2859
 201
  52
2581
6648
5024
3146
2981
8402
5058
2884
5368
6231
6666
6537
  19
 813
4295
6486
5698
7281
1544
6215
4774
7261
7091
1462
8614
3955
3620
6885
9451
-236
2341
1865
2313
 400
 788
7219
5424
2467
5577
1915
1807
6344
5912
4872
2544
7553
3647
9064
6821
 -19
1676
4699
 890
4570
7519
9252
7372
 144
6176
1140
4623
9235
 401
3590
1831
 873
6737
 -80
6742
8701
2759
4734
3228
2466
 869
4794
2764
5289
8380
4529
4542
7667
8019
 108
1090
7748
1939
5974
3901
8871
3856
2944
6339
5852
 805
8485
3679
7009
2699
 585
6727
7848
 347
5820
6133
7425
7387
9481
 206
9378
5569
2893
1672
1527
8354
7295
6554
7568
4278
2436
 200
5843
2503
7421
2476
5869
6369
4315
 479
3875
6624
1857
6845
  25
7258
8933
1816
2526
5789
9045
3040
6446
3335
7775
 424
2359
9243
1300
9345
-215
8784
9416
6117
5180
3788
5743
 -42
6442
4723
4611
8172
2456
3441
   7
4638
3021
3577
4496
4720
2448
7257
3897
6907
9166
2088
5722
7832
2365
-225
5041
9294
 973
6408
3456
 707
6650
1493
8929
 908
3880
6429
1341
7877
4317
 372
1963
2770
1343
 236
4811
4745
8301
4214
 880
 -48
  34
 776
7463
7026
3490
1565
6929
6565
5355
2980
1185
7762
3709
2654
2551
8015
8620
5218
6118
8251
 775
3686
7350
8550
4581
8893
2470
1708
8539
 762
7990
7765
6910
4181
3241
8473
7993
8543
3818
2367
3103
4602
1230
8207
8275
7621
4087
5984
5010
2177
8036
 360
2163
5148
1149
4664
9330
6403
6697
7833
5536
3381
9189
5551
5788
7906
5752
4427
3551
3143
8068
2609
5284
1351
6322
4448
1779
3119
6450
 727
6166
5778
2484
1568
9437
1959
7218
3719
6074
 730
7534
 415
9440
8796
 937
2315
3090
-263
6754
8161
3666
4491
6978
7778
7383
2307
7259
8605
6572
9432
3931
6515
5064
 932
 137
1208
5032
2828
1536
3958
6895
3652
 536
2104
2908
6523
6097
 113
7593
7586
5604
4771
4136
9350
8926
7809
5174
 446
2515
3468
4028
-224
6116
3274
6923
8647
1661
5523
5540
5624
9394
4212
8788
 773
 121
8900
 296
 897
2354
8075
 654
2998
1867
5907
4716
8328
9002
8789
2880
1960
2578
9426
1851
8435
9253
8948
2726
4174
2154
8366
5457
5748
8580
7431
8115
6724
9127
3919
8012
5712
8211
3068
7615
3232
8812
4196
2345
7216
6530
8945
7386
6615
3362
6104
7189
9155
3431
8377
9089
2546
7004
3486
8024
5949
 135
7813
 677
6789
4040
1153
8808
3920
5921
4360
6405
4818
1542
6796
7011
 149
5929
6417
7456
5641
2225
8958
8931
1695
5856
1164
7624
 785
4753
6677
2362
9119
4712
5192
5416
-141
2318
3128
4672
 451
7717
1143
8269
1437
2181
5141
3567
5385
7481
4724
9460
-254
2174
2152
5489
4953
 321
3311
3365
5798
5262
 390
7178
8123
2720
8702
7657
 290
6833
7238
2255
3987
7287
7017
  44
  70
-242
2151
1620
5434
2870
4843
6925
 586
 583
3372
6630
4253
6890
4490
 796
8633
4034
3634
9417
6372
4608
1650
4860
6681
5440
5816
6797
-223
5043
7459
7028
1264
1917
 309
3898
7719
6449
1599
6734
4730
9151
6759
6551
4260
5404
1229
8551
7682
4549
2378
5897
5606
6601
3917
2394
3087
6313
3317
9099
6124
7517
5178
8231
8083
2708
1312
8323
4749
4305
2971
1839
6844
4067
6443
6008
9249
6507
8507
6820
6860
2159
5654
9315
9183
6829
5978
2689
2259
6020
3327
7495
8033
1920
3642
8944
2831
8433
7083
2011
 827
4428
9285
2906
1356
5458
4831
7255
9278
3536
2279
8465
 -29
2989
7462
8421
1924
4153
1878
4481
7014
6192
6768
3466
5259
-168
6804
2977
4194
2655
7115
6123
4446
4120
7500
5403
2480
 728
8017
1046
5086
1209
2113
7037
9493
6332
8729
2021
8381
4582
1496
7448
7626
7733
8013
6504
8451
1400
8650
8022
 715
2703
 361
7007
6674
5476
8248
1549
3105
1215
9387
5473
7492
8693
2678
 540
4071
2058
 487
1191
7676
6328
5420
7947
3067
5848
 690
1521
9164
1738
5623
8389
3190
4452
4869
4545
9207
1278
1579
9015
1159
4593
8198
8236
7618
5853
 268
8724
4185
5333
5840
3029
3794
6641
2421
7443
6264
8120
3586
7133
1580
5956
5251
2808
1006
3691
9326
1354
7296
8069
5438
9497
1897
1432
5678
 410
8486
2346
 -18
2809
4949
4454
5140
3290
1137
 447
5108
 -89
2417
2214
 120
6318
4858
3876
8934
-221
1684
6300
4772
6518
4472
7975
6378
  84
1429
4219
7413
2173
7665
 623
5608
1729
3935
6103
3807
6481
 -62
8357
 352
 706
2950
5999
  26
4052
 993
6921
2802
  35
3369
3786
7708
3843
4512
8302
5231
2293
8265
4102
4046
 337
2533
8058
8222
9095
9413
3574
8516
6206
5255
-246
 963
7839
 686
2850
1977
8587
2741
4074
9480
3422
3179
1828
1971
4313
9486
1598
3263
5535
3080
7214
3555
 657
7175
 258
3819
 580
7674
7187
1029
5881
  24
1325
8289
4816
6770
7734
2339
4742
2845
8597
2647
7558
6867
7302
9176
4862
8578
1715
5730
2269
2183
2082
8532
7706
4660
4885
7496
5571
7774
2913
2916
 721
7981
7301
3334
9443
 -69
2909
 804
1552
8070
9354
1255
3864
9389
1940
2117
6233
4215
-273
 904
 481
8998
8054
 579
7527
3635
2657
1315
3280
8184
4775
2155
1478
2170
8417
4796
8630
8061
2433
3690
3470
3332
8814
 810
7722
4408
8306
9206
8209
7639
5545
9200
8512
  -7
6971
5482
4091
5724
1682
3896
6415
5934
3246
2786
8045
5034
8644
5166
8837
8294
7928
4375
8124
  61
1991
1909
5558
8444
4301
8182
1610
2066
1101
 603
3378
2706
3367
6805
3036
 272
6477
7893
7600
1085
1785
8553
 234
5895
4763
6179
5988
8144
8016
5260
4293
7005
8634
5914
6793
8519
 592
1443
2381
7031
4871
6951
4920
6441
8371
4372
9283
3118
5318
7522
3573
 141
5306
  -3
7912
6111
2000
3561
3776
7188
5861
2543
3542
6881
2923
6827
8443
9006
1349
6122
5562
5909
 371
5160
3096
9017
8759
7900
3527
 597
9472
1132
7467
1414
4633
3739
5301
6125
2241
 311
1441
1706
8976
1322
6954
8374
3234
2490
5680
3260
6427
 631
2447
3926
5070
2276
2505
5911
8651
2477
2694
5430
6421
8105
5239
2975
1506
3298
2426
8256
6720
2086
9340
3366
5193
8406
-150
1982
4198
5887
5465
1890
2854
8476
6766
5190
4013
 320
 841
1972
4827
5310
9142
7260
4616
4868
6194
 163
-154
7461
5659
5101
1697
3763
8573
1217
3623
3703
1222
8329
1823
8599
6926
5892
8817
6257
4311
7650
4960
9337
3872
 -85
2291
9107
6364
9024
3570
3658
1559
5280
6871
4944
 629
3219
8201
4400
4621
3354
1039
2138
5047
4978
6331
6359
7590
1987
8739
 925
5137
6763
2799
 276
2717
3868
5220
3727
2994
8728
8220
9145
2592
 493
4738
7866
-155
1294
8894
5211
5428
6924
6413
1718
3048
7433
5328
3107
3261
 959
6611
9295
4407
4539
3685
6889
8283
8099
7021
6909
2796
1005
4937
1950
 267
 391
1735
2180
7134
4828
5090
8429
9084
8424
6016
1524
-230
5461
3836
8073
4489
9027
2626
3627
9388
9399
4933
5585
2208
9085
1692
8439
2803
2065
5076
8745
3706
1280
5574
  11
7404
8053
 651
8689
1338
9256
  58
1175
 239
7579
4488
2858
5836
1138
-106
5417
6191
8322
5746
 630
8313
8151
7731
3759
4677
1344
8028
3493
3682
9454
3492
2048
6087
7340
8570
7896
2943
7760
5364
6286
4789
2962
5274
4449
 369
2435
6471
6578
5017
1378
1833
5776
8278
2192
2338
1200
1875
1834
1877
8216
4409
6919
8617
1089
7289
6085
8726
5673
8876
2685
6873
5233
1368
7406
7063
8955
1671
2545
5930
5947
   8
8238
2576
8734
4485
5726
5515
 345
7679
1983
3101
5583
5175
7672
 777
 334
5441
7569
1329
 865
 987
1032
1918
7457
-256
7385
1660
4107
 382
7567
1860
5168
7025
2213
4362
  60
8923
8679
5209
4564
2572
7673
7741
1749
4492
8176
8098
2961
1263
6970
 584
 497
5139
2700
-153
5050
4302
 508
8474
6914
 422
4467
7158
4946
9182
4938
7019
4119
7934
1055
1156
6995
8344
4682
5203
 277
4793
4353
9174
2351
8891
1949
4083
5357
8078
1202
4419
7627
9396
3571
3162
5939
2034
8299
9287
4307
4197
9114
7168
 900
8637
7066
6101
  23
7246
6187
6389
9477
2392
1053
9260
 413
2573
5542
5369
7933
8255
6458
5696
1176
 552
2418
  42
2191
5581
1666
4225
1218
2956
1059
6704
7077
8766
2452
6222
4418
 112
7556
 208
4037
1797
3156
 878
3433
3245
3981
4324
 660
7038
6308
4992
8449
7606
6685
7316
1901
5372
6200
6816
1347
7064
 170
9328
6207
5954
1592
2457
8487
 169
2414
4814
3903
5941
5889
7179
3839
8835
7984
8183
8458
3259
6505
 -54
4356
1948
5488
1885
2671
 549
7081
2538
4799
5592
7489
5071
1471
5688
1056
5022
 542
5317
4522
1782
2264
9318
3639
6813
4673
2756
2209
1380
6418
2763
7898
9120
 164
6018
6433
8846
2625
1048
5156
9162
7125
 958
4905
2757
8677
5427
8188
5322
8632
9163
1075
1419
 350
 118
2978
8079
1686
4345
3625
1110
6610
9307
1385
5467
8781
1910
4888
3729
6357
8232
3670
3508
 548
6479
1760
4527
2253
2404
 354
 817
4735
7916
 -72
  90
3519
9012
8903
6294
4456
 976
 383
2612
7952
7351
8602
4246
 122
3854
1305
5593
 -75
6713
4005
2300
7207
1936
4065
6431
1384
 115
9130
5527
6137
7729
5915
6002
3155
2602
9175
4342
1765
1879
1370
 725
5249
4654
3588
1574
3364
3152
6091
8646
9077
 159
6135
3249
2147
3210
4009
5165
6227
  10
5358
7596
6156
8940
7919
4420
 741
6647
8596
2778
1962
3568
2164
3098
5969
8836
8084
3063
 918
2675
2732
5996
4865
8456
3279
 547
1827
9400
1768
1852
2882
1499
 758
 722
1003
2122
7067
3721
6249
6480
2353
5077
3752
1558
7837
2898
3361
4437
6130
1358
2681
7297
 635
4018
8244
2438
-232
6879
4113
4507
3675
2201
5805
8561
  -9
7599
2619
6993
7595
7419
  32
6599
 316
5105
4384
 166
1690
 610
 575
 430
1596
8815
8884
 324
9482
7369
1166
1644
 811
8241
2929
3257
7424
2444
1428
1724
8849
 906
6886
8003
8221
6828
2242
6901
7540
5162
 941
1603
7806
5617
5615
7776
1346
9376
7724
7718
4095
2564
6552
 892
2731
 209
2217
6457
9244
5995
8816
4832
8390
8974
 537
5039
1199
8470
2999
 -74
2948
3821
1447
5759
4748
5331
8525
7395
3129
4513
 871
1713
2077
1363
2807
4254
4230
5855
-228
2617
8882
 953
4667
2281
4382
2644
2388
3661
1846
-200
2135
7396
1480
7265
8863
8586
6928
1000
6399
2328
4791
 454
3749
8824
 577
4639
7407
7793
2862
6987
  46
 607
7247
9271
7658
2775
5711
5354
8430
2054
3648
1736
3929
4844
 822
4401
 863
5810
2996
9280
9152
4161
7539
 853
 140
8692
3563
8591
3182
8924
 261
4543
5291
1113
4331
4652
 298
4121
7905
8852
5443
8791
3342
3282
8942
4358
 183
1757
8660
1425
4528
5004
6316
5575
1482
4163
 489
8148
 -33
2323
8191
8461
2682
2347
4785
5933
7819
1955
2079
6898
5573
5245
9342
1744
 -73
8577
1763
6857
2646
5906
6779
3175
2206
1703
 671
6510
3517
6285
6848
 105
1540
8680
6314
6348
2949
3962
3116
9491
7327
6060
6622
 628
1717
2227
1001
 855
 269
6483
 530
3000
2878
7332
4053
4304
8169
2478
3125
3268
2721
6917
2207
5786
5399
1528
2145
1348
7660
2970
 620
1448
1679
1231
6259
4520
 639
1323
2967
4162
5095
7547
2157
3440
 767
 460
3851
2141
5652
1615
7228
8314
3380
7036
3485
4089
4595
9192
4950
1635
8828
  18
7666
6942
5052
 -59
1925
8563
6653
1184
7352
6003
 317
1463
7152
3782
7753
7371
5703
9459
1420
9255
5697
 531
9069
7936
3139
8234
  40
-212
6053
 494
6390
1586
2497
2093
1219
1260
7625
2622
8375
6411
3913
8691
2876
8272
6979
5707
1461
4981
8718
4612
5570
5414
 185
7924
6556
7685
8854
2590
 550
1071
5210
4129
 978
4644
-139
7410
 949
7795
8455
9228
 -31
5811
1296
4270
9007
-190
4908
6386
5561
4364
7858
1619
 281
4603
1081
5395
7441
1474
7686
7423
7868
6205
7298
3439
3525
9112
6467
2384
 442
 684
7605
-152
2205
6445
1038
2284
2976
  59
 792
8709
3704
 924
2051
4904
2357
8385
8730
5902
5136
2224
1573
4820
8690
8026
8838
5299
 168
 312
2125
5959
-195
5373
8317
1079
 395
8334
6835
4784
-169
3429
5014
3535
4289
8245
4758
2921
6055
7070
7840
5637
5690
6170
7552
9415
  63
4378
 711
2235
 916
1476
2670
4277
8263
8395
2001
8349
8600
7208
1383
4889
4731
2395
1606
1355
6529
1181
 868
5998
6992
6609
 709
 318
 325
1339
4540
1041
8996
9450
6377
1764
7055
3183
-235
 914
6958
5479
7642
3351
1774
1641
1078
6707
9357
5955
  77
1167
6559
3477
 898
9498
9198
-262
4550
5468
 928
3669
6144
7712
1529
9076
 641
4202
4182
8785
8200
6271
8673
 951
2863
  22
2587
3109
7994
5157
1792
2910
 699
 560
 377
8495
7743
8510
2358
7276
8834
1561
8442
3638
1856
5345
2412
6139
9281
1240
-198
1257
3773
4977
8136
7598
3549
3621
8911
2773
5761
4690
2933
2817
6121
5110
6094
8471
2292
4541
1591
2278
8971
6587
6373
4333
1272
1849
4802
2420
5857
6776
4924
5020
8738
6043
8655
2579
4146
6304
1957
-137
6079
2584
1442
7290
5710
7131
5254
6593
7872
6761
9483
8868
6494
5532
3405
-185
 307
5449
8477
 658
8130
1646
7854
 310
-194
1975
5635
4233
 511
7205
7631
5770
5928
5303
 291
4703
 146
5725
9469
4171
 -10
 533
4681
2873
4901
8624
3277
2462
1752
1119
2110
2502
6693
 315
1129
1065
1584
7693
 901
2308
4319
3942
4839
 -61
3081
6024
4369
5661
2774
3300
2363
8901
2561
4434
 879
8298
7869
7525
8089
1350
-111
8311
1793
7610
3702
4863
1664
5347
 619
 455
2589
4366
2548
 506
3231
8642
7656
 427
5751
1098
6781
2130
7447
3149
2489
3254
4060
1042
3767
5801
1062
3054
3059
6709
  79
8706
5638
6686
8475
8414
3594
3503
9211
2591
8164
1436
8047
2080
9061
 790
7338
4232
1074
8999
8481
7841
  80
6460
5297
8748
3612
8467
1515
6050
-244
5832
 942
3550
9060
4135
8228
6638
 831
4085
5509
 756
2705
 282
6071
1353
7268
2327
8612
7923
-237
6506
 213
1313
3687
4956
 -47
4286
6714
7675
2285
7958
5356
2632
3952
 882
3020
6803
 336
4806
1751
8110
5511
6908
8116
5490
1320
 969
1554
7464
1871
2465
3792
5802
8787
6472
3513
6424
6960
6983
3337
9369
7153
3383
7564
9052
3451
6497
5790
6918
2356
2314
-110
6747
3774
2121
2585
2629
7432
7450
  53
 561
5103
8997
4565
3906
4450
4997
8071
3273
6098
8720
5644
 794
6076
8939
2407
5483
8425
3192
2869
4829
3194
 -78
3319
6391
1386
7160
6916
3707
1701
5819
4980
9363
 848
5031
1495
7888
4271
3575
4479
4300
7815
2095
2874
3343
5346
4252
1720
 428
7321
3829
8648
7427
5387
7904
6790
6172
4139
6437
7859
9421
 398
-161
7979
2745
5330
8914
 750
1163
6989
5942
6932
5352
4848
5087
2818
7920
4155
1532
5007
 787
3055
6298
3622
 191
 966
2846
 448
1299
4787
4850
3070
1306
7325
1128
2972
5135
4971
6812
1821
6543
6620
4431
2827
1855
 647
5676
3436
1286
2658
3338
8864
 292
3347
6732
3359
2886
5932
8479
4705
1859
1054
1786
9079
4825
8048
 330
6930
4671
5735
4914
4110
5228
6856
6671
2648
2029
2792
7147
5336
 -35
1772
3019
7807
  37
5594
2768
 688
1121
 -58
 510
5133
-176
8173
8823
6321
 -86
4339
3852
-220
2014
9161
 156
-188
8540
2684
6922
5502
 431
2283
3640
 -12
 907
6358
8619
 946
1562
1182
5380
2408
8113
1518
7594
1725
5946
4966
3473
9367
4911
3618
7078
8030
4251
6711
3663
9011
8202
8011
6725
2848
3123
9339
5997
2178
8695
6967
9419
 158
8912
8973
 503
7341
8379
4733
 259
4718
-201
8899
2861
3694
5230
7392
 864
5560
2202
5268
4376
4493
3227
8387
2198
6496
7921
5088
8801
6866
2451
3893
4080
1187
7703
6823
 708
1094
3396
9080
6839
3529
 131
4150
6684
 263
-157
4000
5134
4890
5219
8552
6837
7851
8645
3560
2092
4514
3051
4220
6539
7699
1131
9302
7885
3950
9199
5389
1106
3597
9137
8504
3186
-113
2116
5081
8874
9393
2160
8705
5681
 486
7977
1665
4976
3288
6430
8626
9323
5120
 742
1494
6131
6265
7124
 910
5040
7747
9059
3296
 440
4180
 434
6981
7732
3823
4048
8771
3825
1109
3660
3997
1148
6152
1822
1825
1503
3845
 488
1211
4143
8268
1981
1180
3330
7932
1247
-265
2050
3718
6605
1923
5813
5793
7788
 632
2375
5873
6740
 967
1850
8338
3303
8813
6655
 459
3828
1168
5124
1673
2550
5227
2553
5324
3741
1316
2148
4016
8107
4959
6253
6456
5321
8589
1033
 364
1204
1212
 100
7052
8885
8621
3641
7560
4116
2136
8681
4464
8936
1911
 -43
8514
4803
4936
1342
1291
8223
9091
5783
1382
7085
1084
 974
9462
 145
4026
8018
4921
5028
6245
9310
9181
4714
9379
1022
2100
1863
1389
9435
7908
3595
5246
9453
 802
5229
9297
3385
1157
2557
6498
5266
 934
5115
3585
5009
8007
2057
4392
1068
 751
2922
3464
5508
7723
6387
8482
7317
1886
7515
7704
4280
 -88
4242
5153
5880
1523
8460
4629
3419
8197
  81
7653
2096
8802
5550
6540
8218
5492
3777
5200
5657
3515
1832
 138
5548
7135
 235
1092
6126
4824
7403
8321
6360
1440
6198
7452
8097
5226
2187
7826
 217
 943
2508
8002
4762
8351
3046
7647
7412
3045
8851
7736
7570
 196
 199
8427
5343
3553
 249
4497
1545
3266
 202
2649
-180
5487
7051
8740
 964
3526
6361
 -14
5777
1076
8604
9364
7651
5750
1694
1507
4245
3949
7018
6619
 615
4320
8989
 351
9005
4072
1783
5486
8014
4014
8413
4059
3742
9428
2823
7683
9125
1680
6941
6380
7074
9347
 718
1275
5760
 759
8920
2290
2023
 582
8737
2464
 675
 622
 598
6376
2211
9335
1648
7269
9098
1139
2509
1688
7786
5097
2234
5970
8056
6012
4272
7313
8393
5598
2161
3582
8320
1372
2118
4534
4413
5241
8712
8613
7985
4168
1410
4123
5807
1848
5556
2461
5973
2215
6969
6296
6214
2020
6080
6201
2709
6800
 -77
4187
7782
7008
2491
4912
  48
8146
8858
8247
6586
7041
3886
9083
-133
1026
9467
 929
5378
5126
1103
1817
7509
9050
8731
 614
7226
2641
4410
 359
9195
8847
 109
6893
3769
9226
2257
1144
2370
4079
1778
3074
9288
5415
4149
4958
5400
-108
5311
 492
4768
4896
-257
2683
8157
1618
 765
2262
1985
6414
7440
9038
5106
5842
7328
6312
1302
2525
3267
5206
7002
6250
1937
8983
9157
8618
5061
2688
3518
3982
2651
 349
7646
 581
4728
9042
 680
3883
9000
5871
9312
3610
1271
 -15
3932
5084
3133
3174
7899
8628
4800
2834
2840
7455
4487
1008
4367
1906
1014
7185
 703
2320
4779
 -55
5248
2055
4346
1530
4224
3936
3959
4765
3715
2188
6597
1740
7692
4678
5538
 939
 142
4579
5131
2779
9203
9009
6226
3336
3547
7199
8497
6865
1108
5576
1224
 950
8919
 477
 157
7474
4383
5732
6538
3445
 940
8316
7986
1251
 649
1747
1723
5686
6988
3252
8687
6422
 595
8285
7850
3811
4769
7887
5412
7324
7119
8217
2637
 -56
7435
 480
2329
3869
7972
7730
7143
5526
6473
2294
6810
9279
 826
5163
4640
9282
4739
6309
1583
7378
9272
7767
6743
7373
9055
6678
5866
3088
3447
1969
4636
8243
4030
4433
-115
1900
1722
9040
6155
5283
5600
7948
8403
4756
8758
 457
7554
8722
4624
3927
1754
2309
7871
3541
8862
4864
7252
2937
7957
1281
8135
6533
8376
4836
4919
9190
7843
5315
3616
 441
5216
8960
1050
1777
5119
1535
 399
2386
6900
3008
 846
6338
8434
2790
1161
9097
6282
3874
2010
3301
8307
2864
5444
4010
3034
7810
3921
6353
4571
3562
7884
8527
3733
4351
1210
5448
7721
4406
-122
3251
2531
1942
3991
 297
6738
-172
4939
7935
4974
3974
6606
 724
9484
  57
7661
4987
4918
   9
2520
4421
4298
1829
5456
9063
 179
3990
8910
1318
4559
7696
5799
8829
 111
5524
6186
6154
3743
9212
3010
3844
5815
5619
 541
9141
 719
3110
5104
8279
8332
7497
8970
5198
3603
2686
2991
1097
7058
 830
6849
3784
1887
6397
5520
1944
1840
7572
8757
8721
1737
 673
4249
 180
1488
2666
4810
5611
9123
3195
5938
7918
2638
2485
 738
1216
4303
8342
3487
8410
1557
3711
1352
8623
 450
4288
3999
2316
1526
1892
 992
6652
8545
6188
2280
2606
 957
7609
6723
3285
5859
3374
 624
5994
7961
9254
4711
6645
8478
1332
9438
3834
7003
9314
8254
6758
4255
 148
8252
3697
 752
4931
 -17
8416
1847
2547
-251
8290
 999
9116
6370
 522
7221
6636
6589
8324
8520
4923
5293
4925
2715
3596
3079
5940
1903
2785
9292
9473
6410
4973
8031
7468
1453
4701
1086
3615
  12
4043
4001
7913
1633
6128
 132
 543
5662
 837
8352
9135
8574
5665
2368
4968
6041
 288
8096
5733
4630
3775
 809
7376
5130
6972
1964
7895
8034
5257
8062
5253
8185
7103
 594
1007
7749
6760
6670
2245
9356
6896
9494
 423
7088
2321
8237
 252
3791
8492
2695
 838
1608
3940
7835
6379
3165
 278
9229
1069
2529
3850
5359
6014
8889
1197
 304
5953
7264
7797
5841
2822
8615
2069
1605
2897
7800
2788
 462
3787
4078
2233
6044
6423
5127
4577
7071
4926
4519
2355
7754
1232
2672
6218
1423
8291
2771
 466
8032
5549
8345
5013
 972
8369
7453
1115
 416
3113
4274
 694
-255
1497
4170
3849
6503
1689
7688
 771
7204
4894
3305
3053
2319
9301
3878
7015
6985
7992
3188
-238
3589
 844
6683
3144
4657
8843
6288
7542
9291
3226
1186
1067
  98
 253
5971
4179
5442
1466
1794
7108
-266
6721
6771
6256
 374
6326
7825
8657
 563
8249
3145
 308
8331
1967
4518
8749
9458
7272
6093
7659
7248
2668
2016
8426
2536
 935
2987
6096
1379
2511
2593
6151
5765
3112
1693
2749
8799
8257
5525
1192
2075
7171
2105
8277
4399
6056
2047
2127
 -27
3879
2179
5054
3554
9033
7046
5271
6911
 743
1895
1301
1902
6078
9159
4759
6204
2871
  33
3939
-120
4101
2172
8051
8685
5208
5645
9485
5642
 499
5514
5884
3888
4648
8963
5188
   6
7023
3530
2199
2894
5935
3944
5123
 513
 -11
7897
1970
1835
6628
8805
4915
 764
4379
5904
3583
2565
 379
4834
-189
7802
 784
 472
7756
6225
5091
5718
7974
6616
8674
 392
1801
7470
2839
9129
 474
2071
7550
8537
2674
1124
 219
3556
8450
6977
8114
-128
6199
6739
2373
7880
4610
7347
5341
 676
9138
 299
1479
 -68
5870
6502
7212
 836
5450
4019
6175
3902
7458
1780
8696
4951
7616
4856
3695
4675
7523
2633
 465
6802
8441
6959
5128
7633
5817
6621
 365
6138
1242
 913
5172
1739
5250
2042
4084
8664
9081
3983
8895
3659
1748
7331
 -46
1120
4954
5186
5826
4426
6695
5406
2195
6997
-116
 866
3724
4700
 566
 665
1984
6237
 476
9434
4055
5469
5348
4269
5002
3730
5093
4838
9231
6036
4476
5646
4363
3064
6525
7949
3237
1731
1593
4525
1469
8194
2126
7818
4957
5199
2841
9242
6750
  13
2026
6451
4361
3127
5365
7089
9234
6561
9214
4798
7057
8165
8010
7360
4164
8044
8452
9488
7123
9168
-134
2299
4104
 287
2168
7282
5774
5714
6412
2635
6153
8142
4264
 172
6220
 948
8890
2582
6428
5791
9296
 814
6082
8212
  21
8286
1864
1112
2501
7242
4972
1397
1193
5694
3977
9267
6712
2580
 -57
2132
4990
5925
2679
9274
 781
2577
 473
1659
8095
4884
3737
8809
1366
5407
 672
7886
7426
4873
 553
5258
4195
1035
2028
3223
3136
4027
-217
 954
8776
4241
8848
5762
2621
1016
9269
5822
2927
1221
6454
6792
 786
4236
1932
1030
4397
3496
4192
4547
2431
6261
8350
9308
6500
4247
8755
7799
5622
1080
5737
3009
9365
5287
 343
5069
7345
5809
2718
 238
8859
3047
4093
 225
 613
6203
 870
7273
4598
8409
6346
6147
6784
3353
2852
9313
4531
4891
3180
 710
4596
8959
2406
5122
4261
3307
1730
8178
2038
5958
5265
 626
4680
2530
1052
 642
1376
6208
2146
3948
2924
4461
9290
6291
6100
2008
3391
8844
3805
1762
-136
 944
5371
7725
7844
 691
1884
4282
4336
3408
7562
 737
 355
8640
 763
8584
7102
5833
2194
7043
9227
3592
7428
2599
2539
7507
1572
4157
2702
7942
4148
3924
1357
2610
6069
6254
6788
8364
4348
3572
 496
6625
4985
3474
8001
9293
-174
6780
2784
6562
4867
7592
3349
 412
2605
1588
1753
7710
8405
7574
6425
6273
7746
7466
7910
4726
1252
3106
-208
8708
5292
3465
5149
  64
7783
8666
4605
7827
8373
2037
 384
8994
 227
7794
2516
9348
5452
 229
2973
6672
4066
1899
4962
8388
 408
9238
7148
6943
6940
7726
1742
8951
2252
 173
4698
7107
8005
7902
9391
7911
4580
9366
 124
 245
2911
 255
5720
4176
1776
8292
8905
3161
4263
1567
 945
  39
6032
4017
4297
-202
6939
3649
1789
8085
8415
4201
5222
4352
 685
1381
5285
6934
3539
5628
6634
1564
5609
7566
 938
6794
5961
 894
7394
6862
8803
2123
1468
5616
8206
7922
5547
7484
-178
6755
6340
 611
1489
4979
7915
2616
3148
5155
9201
5874
5302
2389
1238
6324
3230
7364
2383
2650
4645
4103
8162
9275
5834
8491
8422
4316
8163
8454
5159
7266
 230
4425
5314
1727
3975
6688
2070
9398
5977
 544
7670
1784
2043
 588
4666
6347
8196
4240
1214
-147
8121
4092
 -40
9219
8697
4573
8820
1391
1609
4948
4108
7969
6746
7384
4256
1011
7370
3841
9447
9041
3873
4435
3789
5092
5118
-226
1861
 133
1396
2427
4544
6158
 625
6717
1621
3071
5982
2250
8356
8968
5060
1651
5425
6544
8214
3073
3534
1674
9306
6577
1952
1668
4211
2325
 766
7709
7669
 678
3037
5990
4344
1548
4062
9111
3914
8735
6617
4404
6057
1522
8641
2540
8906
6701
1044
5923
3471
7343
6999
6149
8839
8059
 274
8524
8100
3847
6244
7193
3973
2349
 726
2965
9144
6809
4322
7677
2397
3636
7995
7060
3771
3840
5238
1287
3531
7555
3001
7638
 981
5073
6089
5546
9124
3093
7365
7073
8535
9304
5393
5579
3624
1642
1611
8670
3584
8669
 436
6568
1966
5033
6541
8267
1416
5307
-183
4115
5727
7330
6342
7303
1721
3701
4265
4815
6382
5723
7445
  49
9003
2806
2993
 850
8367
7140
-229
4562
5885
8941
8736
4495
6279
3905
8025
3095
5944
 331
1077
7194
3765
1335
-182
8715
5181
3269
 197
9474
7084
4284
8297
 523
7012
1979
5421
7353
1244
5839
6632
7720
7377
4618
2377
4151
5888
7524
6509
7408
 712
5305
4883
4556
1653
4747
4144
3479
1691
2797
  74
4125
7224
1539
9022
1424
7241
6341
9441
2888
3426
-163
8638
2855
 689
8946
4587
1872
5983
-207
6730
6168
1151
6778
5625
1773
4273
1276
8774
3430
8280
3061
5568
2765
7787
5094
4773
7824
 271
7739
6334
9265
2934
8229
3498
5891
7491
8754
4398
4999
1245
4993
6000
 134
7478
3235
4414
6567
9072
 655
5396
3157
4206
4594
8557
1102
6729
 668
8134
4326
   1
9147
2390
8128
  88
3606
4641
6395
 294
5643
3820
3699
2552
2938
2507
3250
6438
7757
8978
3831
9221
5114
9273
1712
7409
7104
7573
3308
 500
 139
6832
1638
5883
3173
3256
6482
 643
4368
6658
3401
4569
3345
7001
2422
6025
8713
7380
8629
8361
2049
-218
4752
2801
9246
 -49
8488
 485
8654
3812
6064
2402
8967
2120
4561
1460
3444
6532
7239
3007
2139
2396
 482
 490
3565
9126
5267
 666
 409
7251
1283
-231
6140
1788
4480
5496
6266
9334
4054
1922
5636
6594
1930
1767
1235
 683
5098
 -26
7716
6858
6569
2860
8258
4190
5913
8783
1213
2124
3304
8530
4676
5781
-267
5620
3482
7310
4683
 222
8428
1775
7939
 103
4381
3189
9270
6006
6490
3483
3076
7163
2429
4635
1147
2263
1654
9409
7348
7842
2348
7577
9103
4423
4792
9134
7334
7649
7529
2772
4117
7220
8502
2439
 264
2434
 471
7931
2607
2728
1173
7191
8588
3758
2904
9322
1711
9487
7563
7323
7349
2221
1334
7304
6570
6247
7139
8498
 214
3458
5398
1687
5187
2251
8747
7050
5184
3453
8556
1510
1699
8505
5016
 982
8386
1465
-119
7182
8363
4234
 883
3035
3017
5183
5513
1961
1009
5872
8977
3947
6783
9056
8560
6105
5670
4566
2312
3108
1873
7965
8870
8360
 996
1036
1297
2698
5908
 167
8653
1513
2611
3050
8149
7388
5653
 153
8592
2782
4952
 403
6964
9101
7852
8853
2523
9165
3853
2039
7285
  -1
4964
8590
 812
3006
8961
7053
9121
4821
5669
3832
6753
1160
7511
1546
7557
4835
3028
5426
8773
4006
7271
5474
3761
3972
6767
1803
1387
6228
6516
6190
3723
5279
 182
2006
8230
-114
1360
8042
7561
4390
 -34
8453
9358
5158
6090
2661
4444
1477
3838
5360
  54
3085
 621
6548
5056
6150
7664
9370
 627
1604
 443
3524
4462
6004
1088
4776
6030
5631
7836
3400
1408
9177
7967
3668
9324
7978
2743
2566
6210
6180
3421
 634
1905
3705
 155
2899
9448
4575
9377
5242
2471
8431
2103
4042
2419
 -79
7589
 860
6692
 565
 893
3057
2352
4631
7784
7217
3339
7180
8517
-210
8472
4995
3632
5169
4094
7227
2979
8541
3629
  95
9065
8224
5627
 -67
6643
8208
8039
7280
7344
9268
9489
9213
9385
 248
4039
7479
7690
7262
8187
6938
4501
 645
1327
4755
5601
3877
7237
4156
2814
3331
9261
7637
8743
3779
  -6
4717
7437
1136
4916
  56
4695
9010
-252
1043
7288
2957
6690
5985
1415
8534
3379
5495
1994
7210
4412
5235
3289
2106
3168
9406
3409
7857
6019
-112
3062
1091
1394
 746
4226
2053
 505
3265
7244
 526
4218
 125
7504
1808
3244
9088
6107
-261
4451
5236
9043
1888
8500
7691
3797
7062
2336
8725
6459
1017
3501
8790
 839
5896
 851
7444
3350
1632
3130
8873
8174
3297
8943
7681
 669
1938
7311
1837
3209
4627
6603
-233
5038
4340
9343
7738
8661
1700
3937
 -41
2393
8686
4708
2984
5943
 833
4096
7359
2360
-117
4210
 661
3770
7469
4045
4388
6063
3214
5787
  -2
2600
7950
2865
8055
5340
2769
1256
2231
   0
3909
1824
3630
2667
9053
1234
2914
9333
5500
2946
1842
1616
1976
 512
7576
2119
1576
8909
6160
7068
 930
-199
7294
2615
4193
1876
 130
1399
1412
1438
4167
9037
5015
9140
6349
9222
 933
5640
8330
7326
6614
3664
7335
1710
3684
2941
4502
5063
3700
7831
8579
6945
 404
5143
8501
6134
7711
9298
1430
2952
 386
-259
2256
 -87
5462
4591
2056
 368
 783
1330
4506
8154
4063
1685
 551
5687
6028
1543
4764
7612
-149
5023
3407
6592
7745
1943
2410
2820
2879
4191
-192
 962
4878
2364
3946
3425
5567
5900
8800
8778
6880
3018
6268
8723
4318
8446
1578
1853
7284
8060
7530
8303
3497
 381
3830
3333
 885
2748
5691
3978
5658
 521
2849
7044
 242
2800
1587
1891
7397
 936
3674
4090
2046
8264
9030
2915
 896
8777
4459
2690
 554
5062
4989
 366
4845
8860
4710
 -50
7322
1814
3815
5413
9418
6642
9404
1934
-105
 435
5591
3576
8484
2562
6853
7477
 376
9008
1992
7476
5112
9136
7223
 662
  94
8397
5683
7865
5453
6787
4760
1538
7959
7634
7211
3206
5320
3448
6310
5986
1331
6861
7184
1361
9286
6946
 -25
5011
6136
5993
8593
8990
5849
 205
 835
 -92
2197
3813
4208
1304
6335
 970
9188
8399
6491
9392
5138
 501
5045
2500
1002
5830
 574
3656
 739
6416
6825
3159
3609
8972
8667
8420
1790
7740
4614
5382
2232
1013
8875
7980
 405
6527
1265
1170
7022
3665
5256
3833
 713
8798
4267
7106
8057
 558
9090
7988
2455
2522
3126
6735
3131
3884
4341
5083
5419
4790
7940
2816
1945
5851
3215
8509
6762
 975
3032
4460
1658
4656
8153
7536
5918
4679
4553
9051
7306
8918
2189
5150
9092
5381
4011
 832
7222
8883
1585
8904
8807
1868
 178
4173
3236
4463
2643
6659
5237
3801
9016
9412
5747
4861
2167
1406
8558
1426
7112
7274
6899
6664
4438
3469
7475
1649
5731
7366
5240
1734
4166
6106
-160
3031
7559
3089
 984
 905
4385
4204
3608
3124
7531
5905
1714
6029
1750
9470
5785
3432
 983
5309
3005
3654
6637
3328
3044
 965
3097
8927
5516
 -98
3494
7597
2677
8957
9108
3607
6072
9066
7715
1259
 779
5838
3911
8869
8037
7619
1516
-126
5829
 257
2072
1555
2108
2697
1459
6973
8242
7834
7486
8782
4590
3692
7333
2793
7991
5390
1805
2895
8770
6284
3384
8845
1123
9309
3316
5164
8840
4855
 646
3318
1295
3205
1997
3602
7878
8656
4846
6682
3271
2243
6031
5821
6345
6062
8833
9284
-130
5572
3810
5144
5316
2306
5270
8271
 -93
1435
7792
8985
5980
4886
 -16
 484
9423
6694
1111
7791
1560
5507
5179
4910
 572
5051
1534
3154
 780
4586
6235
4662
7209
4555
2704
5587
3484
8020
7622
2193
9368
5409
2723
 682
3066
6710
5269
6598
1626
3762
2488
5423
6330
1614
 254
2425
8792
6689
6067
3404
3678
 525
5439
9233
 821
7402
4023
7329
1130
5699
3722
 161
8167
5664
 769
1656
 875
7772
6350
  55
  38
8177
9154
6045
8861
5376
1843
3043
3887
9167
8082
4442
 498
2481
8732
8821
4876
2510
1141
7821
5559
3522
6708
8066
1486
2248
1645
7601
7779
7141
9225
 617
8526
6667
8806
6950
6302
1228
9299
6113
1799
1531
7644
 569
 656
5212
5610
5651
6157
6108
5096
5804
8925
1755
3798
7113
 -30
 994
5522
8158
2333
7702
8503
6219
-249
8682
4081
8830
2567
9277
2331
3971
 247
5607
8129
3938
2988
1019
6336
2424
2570
7742
6777
4022
 819
1037
8126
7629
7240
 903
3558
 977
 -81
9276
3667
3725
3593
2005
7300
6367
4350
 203
9106
9156
3278
7954
7874
7962
8877
3867
1704
4897
3171
9179
3220
1317
2022
2212
-103
9093
3412
1766
5194
1262
1402
9359
5875
2271
2303
7823
8325
 960
8480
5962
1158
 596
7318
 745
3532
3094
5472
7000
2261
5831
 193
 995
2272
9001
1498
1758
4651
 902
2669
8544
4203
5363
3712
-146
6665
1716
9131
6927
8092
3187
6040
5738
4750
 346
 373
9430
7759
3626
 452
1248
2230
6193
7796
 175
1698
1114
9395
 323
6010
3346
5806
-268
8779
3964
7436
6213
4416
7582
4432
8282
5529
 162
7777
4600
9439
3437
5768
2442
5882
4290
4505
1869
 147
8210
2734
8856
3052
1893
6531
9132
1223
2454
6051
 567
3197
 388
   4
 237
3321
1921
9239
3115
 845
4893
3392
6461
3882
1806
5491
1100
1010
6468
3862
5975
3276
3229
6033
5682
7411
2954
7713
6607
9191
2574
8008
6878
6719
9160
9082
4004
7176
 840
1201
4312
6764
8969
2240
3578
-129
6876
7314
5176
1675
8665
 538
7867
2594
1815
2483
7655
4309
5936
 652
7278
2872
9466
4308
3218
5766
5531
7049
3213
6520
7429
-193
1678
3438
6639
1818
6246
1581
2260
5739
8189
3907
4266
3693
5865
8761
5903
7930
1556
3506
 250
3717
8639
7382
7901
 284
1974
3386
6466
6795
1418
2398
7816
 241
6811
1709
1647
5564
5147
5797
5588
-162
5666
2885
8751
9262
2158
4617
7087
 971
 -76
6181
2031
9105
4532
1990
9128
7636
6232
2819
2361
4474
6077
8804
6290
3016
8296
1203
9068
9171
4854
 859
8412
6546
9026
9067
5702
2660
4429
8447
8625
1444
8572
6305
 -28
3382
2613
9014
2004
 117
7761
 857
1333
6947
8159
 922
1253
 438
4819
3510
6668
5049
8928
-258
7510
7811
2519
4804
 740
 195
5534
5263
1169
2137
5578
2399
1303
8108
2628
3132
6189
 720
7010
5614
6058
8548
4287
 723
8566
 997
8826
  97
5910
2875
4044
2711
7882
2639
 520
4082
3865
9220
 338
5597
1663
5764
3545
4557
 648
1261
3965
-143
7161
7121
4504
2239
3193
5966
5196
9455
8538
4940
7233
   2
5129
3734
4567
1321
7229
4932
 535
6469
4693
1810
1282
8627
3434
3176
1491
2059
3809
2298
1433
5671
5850
5067
1451
8811
1183
3201
4032
5367
8897
5470
2254
6343
 798
4986
4228
3992
4239
7941
8529
2752
5225
4560
5493
 -22
8009
3895
4737
8549
2868
6365
2311
6580
7648
1072
4415
4546
7860
2226
9047
6452
3557
  47
1914
4105
3912
5337
6182
8850
6251
4538
 705
 393
6591
8035
7973
6315
8767
7337
7045
2997
7460
2794
8370
 601
2608
2935
3581
8982
 653
5612
2554
4875
3995
6485
 426
7399
7094
1866
9407
2843
4837
  51
9475
8004
2111
5679
4917
9499
7549
3726
3491
5779
4047
5734
7635
5729
8233
-247
9186
5132
1500
3060
4471
 -65
3406
3890
8043
4696
8341
3956
5154
2712
7771
2142
-171
4622
4578
6027
5756
9004
1177
7263
8575
1980
 749
6317
7020
4642
7654
3310
 181
3681
  30
3417
9173
5864
 888
 927
5433
8699
5772
 126
8769
6022
8102
7694
1194
4517
4405
8418
2656
5300
7551
 -45
9071
2692
3998
5214
8827
4736
5350
3804
4516
9427
6048
4141
7122
 189
 387
2901
4008
6426
6242
2983
1445
1483
5117
3953
-227
3086
9210
 289
1179
6209
 820
8684
3546
6262
 714
2725
2504
5019
 295
1116
8141
4291
8106
8411
2832
7415
6396
2701
8404
4109
6383
8988
2518
 504
3617
5001
7607
4213
5078
8359
9048
9264
3181
 998
5700
6715
6066
8246
2275
5298
5629
1413
3166
 283
7177
4393
8195
2342
2960
8513
 515
 358
2134
5030
8582
8362
4866
2805
2468
6698
6749
1657
7267
 -70
1152
8793
5454
6534
8698
3207
6965
6329
4510
3580
8683
 483
1858
3916
 731
3413
3908
5195
4229
6595
7964
7098
2101
3320
4729
 114
4020
 470
8023
7698
4983
8922
4227
5963
2385
6852
5991
8818
3945
1594
7578
9424
3291
 -39
1279
4178
7870
7803
6173
-104
9023
3216
7603
 760
3120
6384
2744
4238
8659
7195
6109
5361
6146
8358
4473
2847
8346
6489
1390
6119
5224
 456
6850
7079
4306
2990
1989
6830
-132
4882
2337
5008
7855
2767
5037
3746
5006
5544
2185
8576
3803
  68
8975
3472
5026
7072
6230
3863
2073
5763
8764
9386
 339
 659
4097
5602
1239
4849
7375
5173
5964
1431
3744
6174
4754
2912
4159
8119
8423
2891
 429
4632
7503
3072
6455
3751
2896
2033
3511
2824
3613
3323
1237
6654
6558
2287
7817
5987
4183
8382
3004
 980
9218
7197
7927
5613
4996
1125
8150
7490
4133
4535
5899
7864
 979
5146
4380
1254
3258
4186
5477
6005
3748
2149
-135
7164
6669
3713
3082
3507
 417
5000
 867
2535
1514
6623
4483
6706
1207
3424
9251
2143
5920
5860
2274
3986
1696
 926
8490
4468
7773
 555
2304
9436
6258
 507
9240
6602
6167
7521
8987
4922
 895
1064
1405
9196
2835
8179
4689
5517
1336
1196
-177
2506
4439
8309
 362
7039
 518
7533
3848
5384
3689
 303
5021
6801
2098
8170
3871
2604
4436
1512
4457
4283
5431
7755
 305
3753
5072
1826
3030
5917
8511
3768
3134
8049
8932
 735
4158
 633
3370
 702
6465
4140
 129
2945
6248
8810
8355
7543
3631
5099
8979
9445
4294
 469
5533
8794
 843
3738
5035
6656
6439
5716
2090
4012
6127
5957
 293
1308
5695
9178
3170
8663
9086
2296
1889
2659
7442
6563
1377
3928
 799
 842
2986
5844
2953
5649
2925
3785
 152
-151
6868
2326
1874
9021
4727
 280
7763
4086
3476
6276
4649
9169
3114
5451
9258
1830
8855
2085
9259
6183
8104
4551
1800
3605
3614
8094
5204
4244
3750
8896
7256
2310
-239
3002
7132
3537
2532
  14
3756
8598
-173
1049
7355
9317
8952
4899
 825
7602
6949
2662
7146
8152
6906
4537
6822
7393
2446
8635
7853
2443
4088
2128
9150
 396
4075
2736
2598
8378
4189
 590
9490
3520
5553
3169
3793
6238
  69
6351
7946
1475
2171
 528
4721
6986
4021
6073
2027
7093
5854
5960
7128
4391
3866
8762
4169
4365
-131
2569
7362
  93
2268
7769
8528
 406
5374
2400
7438
7613
8950
3772
5618
8074
7623
3141
3628
2563
1284
6741
5185
5075
7752
5945
3272
9035
4357
4781
9402
2542
7983
6400
5335
3475
1484
3355
9361
 192
-191
1314
2549
9429
1537
 828
5125
1928
8962
1198
7299
2586
  83
2176
8675
-140
2479
2512
9479
3900
 808
1836
1570
5435
-138
  99
6913
2652
5596
1206
5308
1896
2556
4465
4620
1023
 754
3262
5501
6838
-125
2081
1787
7391
  41
5281
3824
1087
 852
5252
7956
5386
5057
4049
7999
1269
2097
3467
8348
3781
8886
1105
3147
5232
3564
6398
3158
8372
3728
 872
 -99
9146
6994
1045
5484
 -20
3292
6718
 697
2229
9054
6522
7451
7652
3459
8337
3957
 991
6023
3591
2474
6644
7305
4568
 692
5202
 801
5952
4031
7420
6034
6392
5182
 600
6145
7126
6165
9373
1802
3846
8953
3121
 453
2663
3394
1683
1031
 -83
-148
5989
3766
6631
2851
4797
1172
 211
1746
1365
9078
6980
6508
2445
2968
5048
1999
7253
6161
 407
5319
5394
8339
6673
7668
1310
2035
1912
 747
2273
 670
4486
-170
4941
7056
5846
5782
4334
5825
4783
3137
2129
3284
9401
2458
9215
8562
5353
1612
4902
7591
6239
5323
9351
6576
 650
 884
8609
4643
1919
9355
4830
-260
6270
5586
2810
6774
9332
5715
3799
 449
2513
7876
 687
6524
4967
2857
4137
2795
 314
7987
8547
1595
6991
9468
2063
 806
9414
7120
6499
2036
4715
2496
2804
4780
 847
2391
1819
6535
4285
3783
6990
2032
3015
8143
2469
2558
7016
1908
 176
5053
6374
1292
6583
 -84
5566
1907
8076
6627
2537
6691
3569
3442
3559
4670
5392
9247
6164
8140
9349
2992
3255
4521
1307
 887
7203
-158
3460
